id1,id2
5eurA,6u4zA
5eurA,7ydwF
5eurA,3tc6A
5eurA,1r8gB
5eurA,6hswA
5eurA,5m5zA
5eurA,7v9gD
5eurA,8hpoG
5eurA,4j7oA
5eurA,5zb8A
5eurA,7dv2A
5eurA,8ck1E
5eurA,1t4lB
5eurA,4uy3A
5eurA,6c8zA
5eurA,6f7jA
5eurA,3r0aB
5eurA,6q6gB
5eurA,6em5G
5eurA,1af0A
5eurA,4uqwA
5eurA,3jq1B
5eurA,7ac1A
5eurA,7a6hO
5eurA,7sjrB
5eurA,6a7vC
5eurA,3eupA
5eurA,4zuyA
5eurA,5nenA
5eurA,4eo0A
5eurA,7zr1A
5eurA,3on2B
5eurA,4jpqA
5eurA,2g8lB
5eurA,2c1yA
5eurA,2eqxA
5eurA,3ky8A
5eurA,5nddA
5eurA,3fz4A
5eurA,2q22A
5eurA,6s7vA
5eurA,8a2nA
5eurA,2pk8A
5eurA,1bhuA
5eurA,6htjA
5eurA,6tqeA
5eurA,3snkA
5eurA,7qsdN
5eurA,2n1dA
5eurA,6yjjA
5eurA,2wv3A
5eurA,7c4jI
5eurA,8hoyA
5eurA,8c8zG
5eurA,2i8eA
5eurA,2ns0A
5eurA,4cn0B
5eurA,1dlpC
5eurA,4k6bB
5eurA,6bgfA
5eurA,2vhfA
5eurA,5udzA
5eurA,1sszA
5eurA,7crcD
5eurA,6cfwG
5eurA,6wucC
5eurA,2k6lA
5eurA,1g8xA
5eurA,6uvzA
5eurA,3uwxA
5eurA,6j7nA
5eurA,2q7sB
5eurA,6mdmG
5eurA,7butA
5eurA,2ek5B
5eurA,2lrmA
5eurA,6gu1A
5eurA,7nl9B
5eurA,4bqdA
5eurA,6zb8B
5eurA,3wrgA
5eurA,1qklA
5eurA,5aj3U
5eurA,2o0yC
5eurA,2kyyA
5eurA,4w4lC
5eurA,7u7nA
5eurA,7tpuA
5eurA,1dj0A
5eurA,6cj0A
5eurA,5mqfM
5eurA,5fnnA
5eurA,6xj3A
5eurA,7pd7B
5eurA,7qj2G
5eurA,1knxE
5eurA,7al0A
5eurA,2nchA
5eurA,8cspC
5eurA,3p2cA
5eurA,5f7cB
5eurA,2wfkA
5eurA,6jqkB
5eurA,7dkhB
5eurA,8fn2G
5eurA,6drhE
5eurA,4xp7A
5eurA,3gn5A
5eurA,4k2jA
5eurA,6r6bF
5eurA,3dxqA
5eurA,4pevA
5eurA,6yqqA
5eurA,1n0zA
5eurA,1d2lA
5eurA,2lboA
5eurA,1esgD
5eurA,2jzcA
5eurA,2znxA
5eurA,3o66A
5eurA,3hzpA
5eurA,8t48C
5eurA,1xtdA
5eurA,6exxA
5eurA,5heyA
5eurA,8k89A
5eurA,1ufbA
5eurA,5vsxA
5eurA,4rzsB
5eurA,8cylA
5eurA,1b9xB
5eurA,7nywE
5eurA,3buuA
5eurA,2py6A
5ounA,7qogD
5ounA,4k6lG
5ounA,4mb6A
5ounA,8j0nH
5ounA,3pfoA
5ounA,5u6hA
5ounA,6bzoE
5ounA,7b9kA
5ounA,6ckaA
5ounA,2a1sC
5ounA,8b9zW
5ounA,6r48B
5ounA,8hjcA
5ounA,4rfuA
5ounA,8i16A
5ounA,5f37B
5ounA,2oafB
5ounA,7egdC
5ounA,5ibvA
5ounA,8hpoB
5ounA,6whbA
5ounA,1vrrC
5ounA,7cxzA
5ounA,8p0wH
5ounA,4aggA
5ounA,1fwxA
5ounA,7c4dA
5ounA,4gahB
5ounA,7todA
5ounA,4evqB
5ounA,1xfiA
5ounA,8sh2L
5ounA,5chiA
5ounA,7jsfA
5ounA,4uyiA
5ounA,3r1vA
5ounA,7ewfB
5ounA,2uwjA
5ounA,3h9pA
5ounA,2oajA
5ounA,4atvA
5ounA,2d0aA
5ounA,6uf2A
5ounA,1sfuC
5ounA,3d0kB
5ounA,6xsnC
5ounA,8txrB
5ounA,1xfkA
5ounA,5jtvE
5ounA,2wc1A
5ounA,6xp5K
5ounA,6ya1A
5ounA,5o9eB
5ounA,7cgpC
5ounA,1fu9A
5ounA,5b2gC
5ounA,2yskA
5ounA,4jgxB
5ounA,6yp6A
5ounA,2w5eA
5ounA,6mspA
5ounA,6wg3E
5ounA,4g33A
5ounA,1qk7A
5ounA,7vc4G
5ounA,8bn0A
5ounA,6zkaZ
5ounA,1rhzB
5ounA,1n4nA
5ounA,6wlwO
5ounA,4r4xA
5ounA,5cmlB
5ounA,4fi1A
5ounA,7e5wA
5ounA,7qhmA
5ounA,2otaB
5ounA,2miuA
5ounA,2h7yA
5ounA,7ezyA
5ounA,4lgoA
5ounA,2naeA
5ounA,1kvdA
5ounA,8ia3E
5ounA,6q7pA
5ounA,6jtdA
5ounA,4merD
5ounA,2b8iA
5ounA,5cskA
5ounA,5o8oA
5ounA,6zh1A
5ounA,4lzpB
5ounA,1uecA
5ounA,2l7sA
5ounA,5tmaA
5ounA,8envBA
5ounA,6adqF
5ounA,7jrgA
5ounA,5vhgA
5ounA,8i79C
5ounA,5ownA
5ounA,7eniC
5ounA,2pi2F
5ounA,4nooB
5ounA,4kt3B
5ounA,6v6dA
5ounA,6k9cA
5ounA,5xbnA
5ounA,5a29A
5ounA,2x3bA
5ounA,2d9oA
5ounA,5mqcB
5ounA,7quuA
5ounA,2ly1A
5ounA,1oltA
5ounA,2v78A
5ounA,7qpgC
5ounA,7pkqPA
5ounA,2w0cP
5ounA,5lt9B
5ounA,4pkxA
5ounA,6v8oL
5ounA,4waiA
5ounA,1rf8B
5ounA,7eu3V
5ounA,1s18A
5ounA,2nocA
5ounA,4bndB
5ounA,3dp5A
5ounA,1r7cA
5ounA,6zxaA
5ounA,2ptlA
5ounA,2dkqA
5ounA,7q21Z
5ounA,6wj3H
5ounA,4pqpB
5ounA,2rstA
5ounA,3zidA
5ounA,1p6xA
5ounA,5ca9A
5ounA,7dgwA
5ounA,1yhpA
5ounA,4lgcA
5ounA,2x5rA
5ounA,6fe4A
5ounA,2n5jA
5ounA,2oa4A
5ounA,5f6fA
5ounA,5zkeA
5ounA,4geyA
5ounA,1nc5A
5ounA,2p3pB
5ounA,2ppqA
5ounA,7a23H
5ounA,8elfB
5ounA,5jirB
5ounA,2m0cA
5ounA,6kfnA
5ounA,7r0xA
5ounA,8clqB
5ounA,5axkB
5ounA,2ct2A
5ounA,5chsB
5ounA,2hg7A
5ounA,3g2eB
5ounA,2er8E
5ounA,5k2mN
5ounA,8hyjA
5ounA,7qj0J
5ounA,4bm5A
5ounA,8idcC
5ounA,3thtB
5ounA,6pglA
5ounA,7t62A
5ounA,2dirA
5ounA,4lidA
5ounA,6mitC
5ounA,7m5hB
5ounA,6bjvA
5ounA,7fdeP
5ounA,3i4mD
5ounA,6p59E
5ounA,3tp9A
5ounA,1ej5A
5ounA,7wvtA
5ounA,2mkdA
5ounA,7z8vB
5ounA,4zkjB
5ounA,8bw9A
5ounA,3evyB
5ounA,2d9hA
5ounA,6jmgA
5ounA,7qalA
5ounA,6b4hA
5ounA,2dkzA
5ounA,6z96A
5ounA,5d55B
5ounA,7ag1A
5ounA,3cooA
5ounA,3sngA
5ounA,4o87B
5ounA,1wlfA
5ounA,2vn4A
5ounA,7mwaA
5ounA,6v22B
5ounA,6orjA
5ounA,1jgkA
5ounA,1xpqA
5ounA,5dgkA
5ounA,1kx5C
5ounA,1ga3A
5ounA,7ud6A
5ounA,5mabA
5ounA,4j7gA
5ounA,2q8uA
5ounA,8j5kJA
5ounA,1qgpA
5ounA,4p3xA
5ounA,4fgvA
5ounA,7nn6A
5ounA,6bs9A
5ounA,2or8A
5ounA,1gxdC
5ounA,3a0sA
5ounA,2jhpA
5ounA,3tacB
5ounA,2ytxA
5ounA,3io0A
5ounA,3ij2B
5ounA,4zkeA
5ounA,7ktrJ
5ounA,6s6bJ
5ounA,7ar9Q
5ounA,5j4iA
5ounA,6te9F
5ounA,1ku9A
5ounA,2iz3A
5ounA,1bwxA
5ounA,2if7D
5ounA,1jr2A
5ounA,1stzA
5ounA,8ap7Z
5ounA,2q5zB
5ounA,2iqtA
5ounA,8buxA
5ounA,4z94B
5ounA,1wfgA
5ounA,1fcdB
5ounA,7w91A
5ounA,5mwwA
5ounA,8qnjA
5ounA,7w72B
5ounA,2raqB
5ounA,7nd2B
5ounA,5juhA
5ounA,1qn0A
5ounA,6tgfB
5ounA,2ofgA
5ounA,1sa3E
5ounA,8dtbA
5ounA,4wckA
5ounA,6zkaD
5ounA,5xgcA
5ounA,5whvJ
5ounA,4id2A
5ounA,2ru0A
5ounA,1m4vB
5ounA,5d1wD
5ounA,7o97A
5ounA,5xncB
5ounA,6eunA
5ounA,8f72B
5ounA,8g0hH
5ounA,4qszA
5ounA,7x3tT
5ounA,1wsvA
5ounA,2kmdA
5ounA,3ml1A
5ounA,3k2vA
5ounA,2pofA
5ounA,2c2lA
5ounA,5xtcR
5ounA,1ewrA
5ounA,2m2bA
5ounA,3ppsA
5ounA,1ypxA
5ounA,6n9xB
5ounA,4b0mA
5ounA,2ks1B
5ounA,2eemA
5ounA,6qblA
5ounA,2hw2A
5ounA,3sqnA
5ounA,8eg3A
5ounA,7ltsD
5ounA,4i2wA
5ounA,1bagA
5ounA,6z11F
5ounA,3lf9A
5ounA,7puoA
5ounA,6lf5A
5ounA,5ljmA
5ounA,6jieB
5ounA,2l95A
5ounA,8g0pA
5ounA,1ub4C
5ounA,1td6A
5ounA,7jhyI
5ounA,1ujbA
5ounA,7s8uA
5ounA,3bf5A
5ounA,6px7A
5ounA,3c07A
5ounA,2lazA
5ounA,4acvB
5ounA,8bf9F
5ounA,5j67C
5ounA,2lstA
5ounA,1jkuA
5ounA,4uzmA
5ounA,6l6gA
5ounA,7xvkB
5ounA,8fcuP
5ounA,2gqjA
5ounA,6c66B
5ounA,3wgiA
5ounA,5yi4A
5ounA,5yfpC
5ounA,2pl2A
5ounA,7ntoA
5ounA,2kruA
5ounA,1jrjA
5ounA,5e9tB
5ounA,7jn6A
5ounA,2m3vA
5ounA,5vgjA
5ounA,7v01G
5ounA,8d8lV
5ounA,2qgoA
5ounA,4jb3A
5ounA,6itcC
5ounA,7xs7B
5ounA,5zvtB
5ounA,2m74A
5ounA,1pavA
5ounA,6f0xB
5ounA,7bvrF
5ounA,5a8jA
5ounA,2nwaA
5ounA,6a0nA
5ounA,8dkuA
5ounA,3oo9A
5ounA,3bkrA
5ounA,6g2jK
5ounA,6m0qB
5ounA,4nmlA
5ounA,7uhyC
5ounA,6w3hC
5ounA,6ulgA
5ounA,4xdnB
5ounA,2lmkA
5ounA,7qzrE
5ounA,4d8oA
5ounA,8qylJ
5ounA,4didB
5ounA,2jt4A
5ounA,1svvB
5ounA,5x6bD
5ounA,1sfsA
5ounA,7ymuA
5ounA,4i17A
5ounA,6nwoB
5ounA,6mixA
5ounA,1qvcA
5ounA,4xi6A
5ounA,7jrgF
5ounA,1zavA
5ounA,8cspEA
5ounA,8hwaA
5ounA,1mwkA
5ounA,2jllA
5ounA,1lqsC
5ounA,1doiA
5ounA,4r6iA
5ounA,3dasA
5ounA,7vptA
5ounA,6c48E
5ounA,6wtiB
5ounA,7w7tA
5ounA,8iaiH
5ounA,2bycA
5ounA,2e62A
5ounA,1wgrA
5ounA,4r7rA
5ounA,5wqlC
5ounA,4bqnA
5ounA,2q2eB
5ounA,2j8pA
5ounA,7oqyF
5ounA,5dazA
5ounA,6rssA
5ounA,8cvmD
5ounA,6r7iG
5ounA,2wm2C
5ounA,7zwcH
5ounA,8ua5A
5ounA,3hfiA
5ounA,8hgnA
5ounA,2mcdA
5ounA,4y68B
5ounA,3cqoA
5ounA,6kzjA
5ounA,7dk9A
5ounA,6eyxA
5ounA,8ar0A
5ounA,7wkfA
5ounA,4zfvA
5ounA,2w4yA
5ounA,6ptmA
5ounA,8jw0J
5ounA,2m7nA
5ounA,7f0lGA
5ounA,7c3cB
5ounA,6qp0A
5ounA,2ju5A
5ounA,1wxpA
5ounA,7v2wD
5ounA,5cd6A
5ounA,5wodA
5ounA,2bc4C
5ounA,3b46B
5ounA,1eesB
5ounA,5w7dA
5ounA,2qeuB
5ounA,2oplB
5ounA,4rfqA
5ounA,4yx5A
5ounA,7p5jA
5ounA,3anwB
5ounA,3iusA
5ounA,4hwvA
5ounA,3wa8A
5ounA,7bmlD
5ounA,3l9wB
5ounA,2m7oA
5ounA,1udxA
5ounA,6dxoB
5ounA,5im8A
5ounA,4o98B
5ounA,4k8pA
5ounA,1bo1A
5ounA,4ftdA
5ounA,7yqhA
5ounA,3ufkA
5ounA,6hn7A
5ounA,8czoA
5ounA,7bioB
5ounA,1qrjA
5ounA,5fhkD
5ounA,8gccA
5ounA,3rj2A
5ounA,5xiuA
5ounA,2oocB
5ounA,2gqbA
5ounA,5izoA
5ounA,5m0nA
5ounA,2cooA
5ounA,2hy7A
5ounA,5y3tA
5ounA,2myxA
5ounA,1xc0A
5ounA,4x3nA
5ounA,6ortA
5ounA,1z2fA
5ounA,1cl4A
5ounA,6m3iA
5ounA,8imlOA
5ounA,6tdvQ
5ounA,3lgcA
5ounA,6xxvC
5ounA,6dgaA
5ounA,2ab5A
5ounA,5jr9A
5ounA,5fl1A
5ounA,6bx3E
5ounA,3d6wA
5ounA,5bs7E
5ounA,1ifpA
5ounA,5tcpA
5ounA,5xf9D
5ounA,7phfB
5ounA,6xfmA
5ounA,8fnyA
5ounA,6fonA
5ounA,8cb6A
5ounA,5jabA
5ounA,3w5wA
5ounA,6vzuA
5ounA,7v3kB
5ounA,2m88A
5ounA,5vaeA
5ounA,2nwtA
5ounA,3effE
5ounA,6am0D
5ounA,6h3sB
5ounA,6ybwV
5ounA,5zerA
5ounA,5ejgB
5ounA,3x38B
5ounA,6tebD
5ounA,5ujjA
5ounA,7dguA
5ounA,1ifwA
5ounA,6hd8B
5ounA,6s3fA
5ounA,4rkkA
5ounA,7ozsB
5ounA,8ebgB
5ounA,5yhfA
5ounA,3zpyA
5ounA,2ricC
5ounA,3fy6B
5ounA,3dmyA
5ounA,4uwqF
5ounA,2mvwA
5ounA,6op8B
5ounA,1jm7A
5ounA,6rdjK
5ounA,6wkkA
5ounA,1lcsA
5ounA,1u0sB
5ounA,2nb1A
5ounA,5jdoA
5ounA,4asnA
5ounA,2nc8A
5ounA,2xdyA
5ounA,1jyoF
5ounA,2o71A
5ounA,5z7dB
5ounA,4cjdA
5ounA,1p91A
5ounA,6iacD
5ounA,1mntA
5ounA,2kusA
5ounA,7zmgOA
5ounA,6ey4A
5ounA,4n5cD
5ounA,1i5pA
5ounA,5jhfF
5ounA,7p2pB
5ounA,7zskB
5ounA,4ojjA
5ounA,3l8qB
5ounA,1g9qA
5ounA,2m63A
5ounA,3klwA
5ounA,1otrA
5ounA,2ksfA
5ounA,7uicC
5ounA,8ap7DA
5ounA,7wrnA
5ounA,3h0dA
5ounA,2ggeD
5ounA,6kwyCA
5ounA,8g6eG
5ounA,6ayiA
5ounA,3vhxB
5ounA,4mpiB
5ounA,4ebaA
5ounA,6tjbA
5ounA,5lakA
5ounA,8cssR
5ounA,4gleC
5ounA,7dbeB
5ounA,3uw3B
5ounA,5lz3B
5ounA,1tbqE
5ounA,2euiA
5ounA,6d7yB
5ounA,7x17C
5ounA,8i8bL
5ounA,8gsaA
5ounA,4pfhA
5ounA,6ea8A
5ounA,8j0nE
5ounA,5nnrC
5ounA,6af0B
5ounA,4oo3A
5ounA,1wmhB
5ounA,6zz9A
5ounA,2w7vA
5ounA,6t2bB
5ounA,4es8A
5ounA,3t38A
5ounA,2yeqA
5ounA,8jx6B
5ounA,7atiA
5ounA,5m0wA
5ounA,1owxA
5ounA,8p03N
5ounA,2ot2A
5ounA,2myjA
5ounA,6dggA
5ounA,4po7A
5ounA,5bq5B
5ounA,2hthB
5ounA,5a5tF
5ounA,3iv4A
5ounA,2yzjA
5ounA,6yrfA
5ounA,1yg0A
5ounA,6fbzB
5ounA,1sgoA
5ounA,6ta5D
5ounA,3ktnA
5ounA,6eszA
5ounA,1zs7A
5ounA,8th8R
5ounA,7vg7B
5ounA,7kgvB
5ounA,8caiO
5ounA,2aplA
5ounA,3i8oA
5ounA,7sgrI
5ounA,2pe4A
5ounA,2oh3A
5ounA,5uvgA
5ounA,5ex1C
5ounA,8e1hA
5ounA,6vgvA
5ounA,8aq2A
5ounA,5k8gA
5ounA,8d8kJ
5ounA,3ezsA
5ounA,5n5eB
5ounA,5hp5A
5ounA,2w0cK
5ounA,3fc3A
5ounA,8ih7A
5ounA,8dwqA
5ounA,4pqzA
5ounA,6cw2A
5ounA,8fvtA
5ounA,2jv7A
5ounA,2y3wA
5ounA,6xyiA
5ounA,7v9aB
5ounA,8qynN
5ounA,1s5lDA
5ounA,8jw0F
5ounA,8aimA
5ounA,6mtzB
5ounA,8dh8A
5ounA,2vsvB
5ounA,1ypqB
5ounA,8hjuIA
5ounA,5boxA
5ounA,8adnC
5ounA,6raoC
5ounA,1b62A
5ounA,7epnB
5ounA,6hu9CA
5ounA,3eloA
5ounA,8bd7K
5ounA,8ghtA
5ounA,6xgtJ
5ounA,4gaeA
5ounA,4cu5A
5ounA,6f46A
5ounA,7acvB
5ounA,7nwuB
5ounA,2pkeA
5ounA,5zx1A
5ounA,4v1xE
5ounA,5daeA
5ounA,5yc3A
5ounA,6j2pA
5ounA,2erfA
5ounA,5juyB
5ounA,7ekpA
5ounA,6lb8C
5ounA,8j8jB
5ounA,2cokA
5ounA,3ikmD
5ounA,1u6pB
5ounA,2f9cA
5ounA,8imdA
5ounA,1vr0C
5ounA,3nrfB
5ounA,3iuoB
5ounA,3pm2A
5ounA,8hdwC
5ounA,8d8kN
5ounA,4jx2A
5ounA,3sbuA
5ounA,6psiA
5ounA,4rnxA
5ounA,2kaeA
5ounA,4mr0A
5ounA,6wxvA
5ounA,7qg6C
5ounA,2jn9A
5ounA,8dddB
5ounA,1wxrA
5ounA,1f43A
5ounA,5v50F
5ounA,7sbaI
5ounA,5egpA
5ounA,7kmtI
5ounA,7lx0GA
5ounA,1id2A
5ounA,2n81A
5ounA,7d58A
5ounA,2kczA
5ounA,5fv8A
5ounA,3hklB
5ounA,6bogA
5ounA,1w7oA
5ounA,2ov9C
5ounA,1ynbA
5ounA,4kkyA
5ounA,7st9A
5ounA,7v2cHA
5ounA,3nklB
5ounA,2m4nA
5ounA,7qidB
5ounA,1tmfA
5ounA,5ovyA
5ounA,8dy9I
5ounA,8q0eA
5ounA,6ly5S
5ounA,1onxA
5ounA,7vprC
5ounA,1sh0B
5ounA,1lrzA
5ounA,5npwH
5ounA,6ohtA
5ounA,5gw8B
5ounA,6ta9A
5ounA,6pwdA
5ounA,4bjtA
5ounA,8t9pE
5ounA,7ecdA
5ounA,6z9uD
5ounA,8a16B
5ounA,4proD
5ounA,3u2rA
5ounA,7c76B
5ounA,2katA
5ounA,5ylzV
5ounA,8ilaA
5ounA,4hl0A
5ounA,4olpB
5ounA,1wloA
5ounA,3lkuF
5ounA,8ee7C
5ounA,3uafA
5ounA,7u23C
5ounA,4m6tA
5ounA,8dvnB
5ounA,2e5rA
5ounA,3k17A
5ounA,7o3dA
5ounA,4wgkB
5ounA,4ccsA
5ounA,5yhrA
5ounA,5llwA
5ounA,5ez7A
5ounA,2nx4A
5ounA,3oq3A
5ounA,2gu1A
5ounA,2lqvA
5ounA,6uawA
5ounA,7lm0A
5ounA,2od4A
5ounA,1bb1B
5ounA,5teuB
5ounA,5m48A
5ounA,3mzyA
5ounA,2mpoA
5ounA,4ce4Z
5ounA,2vp7B
5ounA,8a1cA
5ounA,7qocA
5ounA,7y1aD
5ounA,2jp6A
5ounA,1rh1A
5ounA,1sgpA
5ounA,7ar9R
5ounA,2od6A
5ounA,6wqmD
5ounA,6pxkE
5ounA,6tdmA
5ounA,2ltsA
5ounA,1uk5A
5ounA,6yubA
5ounA,3v69A
5ounA,4nbbE
5ounA,5xvnF
5ounA,4qvzB
5ounA,4av2A
5ounA,3km9B
5ounA,1x2gC
5ounA,2yevC
5ounA,4nxtA
5ounA,1wn9A
5ounA,7scdA
5ounA,1ww1A
5ounA,8rc4H
5ounA,6whpA
5ounA,3iiiA
5ounA,5t13A
5ounA,6rd4G
5ounA,7zv9L
5ounA,3goeA
5ounA,6yleD
5ounA,7mvxA
5ounA,3mx7A
5ounA,6u4zA
5ounA,7ydwF
5ounA,3tc6A
5ounA,1r8gB
5ounA,6hswA
5ounA,5m5zA
5ounA,7v9gD
5ounA,8hpoG
5ounA,4j7oA
5ounA,5zb8A
5ounA,7dv2A
5ounA,8ck1E
5ounA,1t4lB
5ounA,4uy3A
5ounA,6c8zA
5ounA,6f7jA
5ounA,3r0aB
5ounA,6q6gB
5ounA,6em5G
5ounA,1af0A
5ounA,4uqwA
5ounA,3jq1B
5ounA,7ac1A
5ounA,7a6hO
5ounA,7sjrB
5ounA,6a7vC
5ounA,3eupA
5ounA,4zuyA
5ounA,5nenA
5ounA,4eo0A
5ounA,7zr1A
5ounA,3on2B
5ounA,4jpqA
5ounA,2g8lB
5ounA,2c1yA
5ounA,2eqxA
5ounA,3ky8A
5ounA,5nddA
5ounA,3fz4A
5ounA,2q22A
5ounA,6s7vA
5ounA,8a2nA
5ounA,2pk8A
5ounA,1bhuA
5ounA,6htjA
5ounA,6tqeA
5ounA,3snkA
5ounA,7qsdN
5ounA,2n1dA
